io_time: 0.5793977975845337
job_time: 778.5035400390625
max_duration: 0.006605899892747402
max_size: 16.0
mean_bw: 0.49590256128215915
total_files: 772
total_ops: 2303
total_ranks: 1
total_size: 1.1463211327791214
