io_time: 0.07585656642913818
max_duration: 2.191842555999756
total_files: 1547
total_ops: 27463
total_ranks: 1280
