io_time: 0.07585656642913818
max_duration: 2.191842555999756
max_size: 16.0
mean_bw: 73.8296266306836
total_files: 1547
total_ops: 27463
total_ranks: 1280
total_size: 21.17757113277912
