io_time: 4.656085586547851
max_duration: 8.795384407043457
max_size: 128.0
mean_bw: 1.0821176595758375
total_files: 2562
total_ops: 72928
total_ranks: 1280
total_size: 1580.0
