io_time: 4.656085586547851
max_duration: 8.795384407043457
total_files: 2562
total_ops: 72928
total_ranks: 1280
